3.14 1.59 2.65 3.58 3.14 1.59 2.65 3.58
9.79 3.23 8.46 2.64 3.14 1.59 2.65 3.58
3.38 3.27 9.50 2.88 3.14 1.59 2.65 3.58
4.19 7.16 9.39 9.37 3.14 1.59 2.65 3.58
3.14 1.59 2.65 3.58 3.14 1.59 2.65 3.58
3.38 3.27 9.50 2.88 3.14 1.59 2.65 3.58
9.79 3.23 8.46 2.64 3.14 1.59 2.65 3.58
4.19 7.16 9.39 9.37 3.14 1.59 2.65 3.58
3.14 1.59 2.65 3.58 3.14 1.59 2.65 3.58
3.14 1.59 2.65 3.58 3.14 1.59 2.65 3.58
9.79 3.23 8.46 2.64 3.14 1.59 2.65 3.58
3.38 3.27 9.50 2.88 3.14 1.59 2.65 3.58
4.19 7.16 9.39 9.37 3.14 1.59 2.65 3.58
3.14 1.59 2.65 3.58 3.14 1.59 2.65 3.58
9.79 3.23 8.46 2.64 3.14 1.59 2.65 3.58
3.14 1.59 2.65 3.58 3.14 1.59 2.65 3.58
9.79 3.23 8.46 2.64 3.14 1.59 2.65 3.58
3.38 3.27 9.50 2.88 3.14 1.59 2.65 3.58
4.19 7.16 9.39 9.37 3.14 1.59 2.65 3.58
3.14 1.59 2.65 3.58 3.14 1.59 2.65 3.58
3.38 3.27 9.50 2.88 3.14 1.59 2.65 3.58
9.79 3.23 8.46 2.64 3.14 1.59 2.65 3.58
4.19 7.16 9.39 9.37 3.14 1.59 2.65 3.58
3.14 1.59 2.65 3.58 3.14 1.59 2.65 3.58
3.14 1.59 2.65 3.58 3.14 1.59 2.65 3.58
9.79 3.23 8.46 2.64 3.14 1.59 2.65 3.58
3.38 3.27 9.50 2.88 3.14 1.59 2.65 3.58
4.19 7.16 9.39 9.37 3.14 1.59 2.65 3.58
3.14 1.59 2.65 3.58 3.14 1.59 2.65 3.58
3.14 1.59 2.65 3.58 3.14 1.59 2.65 3.58
9.79 3.23 8.46 2.64 3.14 1.59 2.65 3.58
3.38 3.27 9.50 2.88 3.14 1.59 2.65 3.58
4.19 7.16 9.39 9.37 3.14 1.59 2.65 3.58
3.14 1.59 2.65 3.58 3.14 1.59 2.65 3.58
3.38 3.27 9.50 2.88 3.14 1.59 2.65 3.58
9.79 3.23 8.46 2.64 3.14 1.59 2.65 3.58
4.19 7.16 9.39 9.37 3.14 1.59 2.65 3.58
3.14 1.59 2.65 3.58 3.14 1.59 2.65 3.58
3.14 1.59 2.65 3.58 3.14 1.59 2.65 3.58
9.79 3.23 8.46 2.64 3.14 1.59 2.65 3.58
3.38 3.27 9.50 2.88 3.14 1.59 2.65 3.58
4.19 7.16 9.39 9.37 3.14 1.59 2.65 3.58
3.14 1.59 2.65 3.58 3.14 1.59 2.65 3.58
9.79 3.23 8.46 2.64 3.14 1.59 2.65 3.58
3.14 1.59 2.65 3.58 3.14 1.59 2.65 3.58
9.79 3.23 8.46 2.64 3.14 1.59 2.65 3.58
3.38 3.27 9.50 2.88 3.14 1.59 2.65 3.58
4.19 7.16 9.39 9.37 3.14 1.59 2.65 3.58
3.14 1.59 2.65 3.58 3.14 1.59 2.65 3.58
3.38 3.27 9.50 2.88 3.14 1.59 2.65 3.58
9.79 3.23 8.46 2.64 3.14 1.59 2.65 3.58
4.19 7.16 9.39 9.37 3.14 1.59 2.65 3.58
3.14 1.59 2.65 3.58 3.14 1.59 2.65 3.58
3.14 1.59 2.65 3.58 3.14 1.59 2.65 3.58
9.79 3.23 8.46 2.64 3.14 1.59 2.65 3.58
3.38 3.27 9.50 2.88 3.14 1.59 2.65 3.58
4.19 7.16 9.39 9.37 3.14 1.59 2.65 3.58
3.14 1.59 2.65 3.58 3.14 1.59 2.65 3.58
9.79 3.23 8.46 2.64 3.14 1.59 2.65 3.58
3.14 1.59 2.65 3.58 3.14 1.59 2.65 3.58
9.79 3.23 8.46 2.64 3.14 1.59 2.65 3.58
3.38 3.27 9.50 2.88 3.14 1.59 2.65 3.58
4.19 7.16 9.39 9.37 3.14 1.59 2.65 3.58
3.14 1.59 2.65 3.58 3.14 1.59 2.65 3.58
3.38 3.27 9.50 2.88 3.14 1.59 2.65 3.58
9.79 3.23 8.46 2.64 3.14 1.59 2.65 3.58
4.19 7.16 9.39 9.37 3.14 1.59 2.65 3.58
3.14 1.59 2.65 3.58 3.14 1.59 2.65 3.58
3.14 1.59 2.65 3.58 3.14 1.59 2.65 3.58
9.79 3.23 8.46 2.64 3.14 1.59 2.65 3.58
3.38 3.27 9.50 2.88 3.14 1.59 2.65 3.58
4.19 7.16 9.39 9.37 3.14 1.59 2.65 3.58
3.14 1.59 2.65 3.58 3.14 1.59 2.65 3.58
9.79 3.23 8.46 2.64 3.14 1.59 2.65 3.58
3.14 1.59 2.65 3.58 3.14 1.59 2.65 3.58
9.79 3.23 8.46 2.64 3.14 1.59 2.65 3.58
3.38 3.27 9.50 2.88 3.14 1.59 2.65 3.58
4.19 7.16 9.39 9.37 3.14 1.59 2.65 3.58
3.14 1.59 2.65 3.58 3.14 1.59 2.65 3.58
3.38 3.27 9.50 2.88 3.14 1.59 2.65 3.58
9.79 3.23 8.46 2.64 3.14 1.59 2.65 3.58
4.19 7.16 9.39 9.37 3.14 1.59 2.65 3.58
3.14 1.59 2.65 3.58 3.14 1.59 2.65 3.58
3.14 1.59 2.65 3.58 3.14 1.59 2.65 3.58
9.79 3.23 8.46 2.64 3.14 1.59 2.65 3.58
3.38 3.27 9.50 2.88 3.14 1.59 2.65 3.58
4.19 7.16 9.39 9.37 3.14 1.59 2.65 3.58
3.14 1.59 2.65 3.58 3.14 1.59 2.65 3.58
9.79 3.23 8.46 2.64 3.14 1.59 2.65 3.58
3.14 1.59 2.65 3.58 3.14 1.59 2.65 3.58
9.79 3.23 8.46 2.64 3.14 1.59 2.65 3.58
3.38 3.27 9.50 2.88 3.14 1.59 2.65 3.58
4.19 7.16 9.39 9.37 3.14 1.59 2.65 3.58
3.14 1.59 2.65 3.58 3.14 1.59 2.65 3.58
3.38 3.27 9.50 2.88 3.14 1.59 2.65 3.58
9.79 3.23 8.46 2.64 3.14 1.59 2.65 3.58
4.19 7.16 9.39 9.37 3.14 1.59 2.65 3.58
3.14 1.59 2.65 3.58 3.14 1.59 2.65 3.58
3.14 1.59 2.65 3.58 3.14 1.59 2.65 3.58
9.79 3.23 8.46 2.64 3.14 1.59 2.65 3.58
3.38 3.27 9.50 2.88 3.14 1.59 2.65 3.58
4.19 7.16 9.39 9.37 3.14 1.59 2.65 3.58
3.14 1.59 2.65 3.58 3.14 1.59 2.65 3.58
9.79 3.23 8.46 2.64 3.14 1.59 2.65 3.58
3.14 1.59 2.65 3.58 3.14 1.59 2.65 3.58
9.79 3.23 8.46 2.64 3.14 1.59 2.65 3.58
3.38 3.27 9.50 2.88 3.14 1.59 2.65 3.58
4.19 7.16 9.39 9.37 3.14 1.59 2.65 3.58
3.14 1.59 2.65 3.58 3.14 1.59 2.65 3.58
3.38 3.27 9.50 2.88 3.14 1.59 2.65 3.58
9.79 3.23 8.46 2.64 3.14 1.59 2.65 3.58
4.19 7.16 9.39 9.37 3.14 1.59 2.65 3.58
3.14 1.59 2.65 3.58 3.14 1.59 2.65 3.58
3.14 1.59 2.65 3.58 3.14 1.59 2.65 3.58
9.79 3.23 8.46 2.64 3.14 1.59 2.65 3.58
3.38 3.27 9.50 2.88 3.14 1.59 2.65 3.58
4.19 7.16 9.39 9.37 3.14 1.59 2.65 3.58
3.14 1.59 2.65 3.58 3.14 1.59 2.65 3.58
9.79 3.23 8.46 2.64 3.14 1.59 2.65 3.58
3.14 1.59 2.65 3.58 3.14 1.59 2.65 3.58
9.79 3.23 8.46 2.64 3.14 1.59 2.65 3.58
3.38 3.27 9.50 2.88 3.14 1.59 2.65 3.58
4.19 7.16 9.39 9.37 3.14 1.59 2.65 3.58
3.14 1.59 2.65 3.58 3.14 1.59 2.65 3.58
3.38 3.27 9.50 2.88 3.14 1.59 2.65 3.58
9.79 3.23 8.46 2.64 3.14 1.59 2.65 3.58
4.19 7.16 9.39 9.37 3.14 1.59 2.65 3.58
3.14 1.59 2.65 3.58 3.14 1.59 2.65 3.58
3.14 1.59 2.65 3.58 3.14 1.59 2.65 3.58
9.79 3.23 8.46 2.64 3.14 1.59 2.65 3.58
3.38 3.27 9.50 2.88 3.14 1.59 2.65 3.58
4.19 7.16 9.39 9.37 3.14 1.59 2.65 3.58
3.14 1.59 2.65 3.58 3.14 1.59 2.65 3.58
9.79 3.23 8.46 2.64 3.14 1.59 2.65 3.58
3.14 1.59 2.65 3.58 3.14 1.59 2.65 3.58
9.79 3.23 8.46 2.64 3.14 1.59 2.65 3.58
3.38 3.27 9.50 2.88 3.14 1.59 2.65 3.58
4.19 7.16 9.39 9.37 3.14 1.59 2.65 3.58
3.14 1.59 2.65 3.58 3.14 1.59 2.65 3.58
3.38 3.27 9.50 2.88 3.14 1.59 2.65 3.58
9.79 3.23 8.46 2.64 3.14 1.59 2.65 3.58
4.19 7.16 9.39 9.37 3.14 1.59 2.65 3.58
3.14 1.59 2.65 3.58 3.14 1.59 2.65 3.58
3.14 1.59 2.65 3.58 3.14 1.59 2.65 3.58
9.79 3.23 8.46 2.64 3.14 1.59 2.65 3.58
3.38 3.27 9.50 2.88 3.14 1.59 2.65 3.58
4.19 7.16 9.39 9.37 3.14 1.59 2.65 3.58
3.14 1.59 2.65 3.58 3.14 1.59 2.65 3.58
9.79 3.23 8.46 2.64 3.14 1.59 2.65 3.58
3.14 1.59 2.65 3.58 3.14 1.59 2.65 3.58
9.79 3.23 8.46 2.64 3.14 1.59 2.65 3.58
3.38 3.27 9.50 2.88 3.14 1.59 2.65 3.58
4.19 7.16 9.39 9.37 3.14 1.59 2.65 3.58
3.14 1.59 2.65 3.58 3.14 1.59 2.65 3.58
3.38 3.27 9.50 2.88 3.14 1.59 2.65 3.58
9.79 3.23 8.46 2.64 3.14 1.59 2.65 3.58
4.19 7.16 9.39 9.37 3.14 1.59 2.65 3.58
3.14 1.59 2.65 3.58 3.14 1.59 2.65 3.58
3.14 1.59 2.65 3.58 3.14 1.59 2.65 3.58
9.79 3.23 8.46 2.64 3.14 1.59 2.65 3.58
3.38 3.27 9.50 2.88 3.14 1.59 2.65 3.58
4.19 7.16 9.39 9.37 3.14 1.59 2.65 3.58
3.14 1.59 2.65 3.58 3.14 1.59 2.65 3.58
9.79 3.23 8.46 2.64 3.14 1.59 2.65 3.58
3.14 1.59 2.65 3.58 3.14 1.59 2.65 3.58
9.79 3.23 8.46 2.64 3.14 1.59 2.65 3.58
3.38 3.27 9.50 2.88 3.14 1.59 2.65 3.58
4.19 7.16 9.39 9.37 3.14 1.59 2.65 3.58
3.14 1.59 2.65 3.58 3.14 1.59 2.65 3.58
3.38 3.27 9.50 2.88 3.14 1.59 2.65 3.58
9.79 3.23 8.46 2.64 3.14 1.59 2.65 3.58
4.19 7.16 9.39 9.37 3.14 1.59 2.65 3.58
3.14 1.59 2.65 3.58 3.14 1.59 2.65 3.58
3.14 1.59 2.65 3.58 3.14 1.59 2.65 3.58
9.79 3.23 8.46 2.64 3.14 1.59 2.65 3.58
3.38 3.27 9.50 2.88 3.14 1.59 2.65 3.58
4.19 7.16 9.39 9.37 3.14 1.59 2.65 3.58
3.14 1.59 2.65 3.58 3.14 1.59 2.65 3.58
